# correlation_length v.s m 
# beta 	 dlnz 	 beta^2*dlnz2 
0.4 0.87936 -1.10605 0.86145 
0.402 0.88159 -1.11691 0.88627 
0.404 0.88383 -1.12799 0.91245 
0.406 0.88610 -1.13928 0.94015 
0.40800000000000003 0.88839 -1.15081 0.96957 
0.41000000000000003 0.89070 -1.16258 1.00079 
0.41200000000000003 0.89304 -1.17463 1.03420 
0.41400000000000003 0.89540 -1.18696 1.07002 
0.41600000000000004 0.89779 -1.19961 1.10869 
0.41800000000000004 0.90020 -1.21260 1.15067 
0.42000000000000004 0.90264 -1.22596 1.19654 
0.42200000000000004 0.90510 -1.23974 1.24710 
0.42400000000000004 0.90760 -1.25399 1.30341 
0.42600000000000005 0.91012 -1.26877 1.36681 
0.428 0.91267 -1.28415 1.43962 
0.43 0.91526 -1.30025 1.52499 
0.432 0.91787 -1.31720 1.62819 
0.434 0.92053 -1.33523 1.75834 
0.436 0.92322 -1.35469 1.93587 
0.438 0.92595 -1.37629 2.21635 
0.44 0.92872 -1.40279 3.31196 
0.442 0.93156 -1.43516 2.54457 
0.444 0.93446 -1.45856 2.10897 
0.446 0.93740 -1.47862 1.88033 
0.448 0.94037 -1.49662 1.72484 
0.45 0.94338 -1.51313 1.60708 
0.452 0.94642 -1.52845 1.51241 
0.454 0.94949 -1.54279 1.43330 
0.456 0.95259 -1.55630 1.36542 
0.458 0.95572 -1.56909 1.30602 
0.46 0.95887 -1.58123 1.25324 
0.462 0.96204 -1.59280 1.20579 
0.464 0.96524 -1.60385 1.16270 
0.466 0.96846 -1.61442 1.12327 
0.468 0.97170 -1.62455 1.08694 
0.47000000000000003 0.97496 -1.63428 1.05327 
0.472 0.97824 -1.64363 1.02192 
0.474 0.98153 -1.65263 0.99259 
0.476 0.98485 -1.66131 0.96505 
0.478 0.98818 -1.66968 0.93911 
0.48 0.99152 -1.67776 0.91460 
0.482 0.99489 -1.68556 0.89138 
0.484 0.99827 -1.69311 0.86932 
0.486 1.00166 -1.70041 0.84833 
0.488 1.00507 -1.70748 0.82831 
0.49 1.00849 -1.71433 0.80919 
0.492 1.01192 -1.72096 0.79088 
0.494 1.01537 -1.72740 0.77334 
0.496 1.01883 -1.73364 0.75650 
0.498 1.02231 -1.73970 0.74031 
0.5 1.02579 -1.74558 0.72474 
